10 10
6
3 3 0 4
3 4 0 0
6 3 0 7
3 7 3 0
4 4 6 6
4 6 6 0

10 10
6
3 3 3 0
3 4 0 0
3 6 0 4
3 7 3 3
4 4 6 0
4 6 6 4

10 10
6
3 3 3 0
3 4 0 6
3 6 0 0
3 7 3 3
4 4 6 0
4 6 6 4

10 10
6
3 3 3 0
3 4 0 6
3 6 0 0
3 7 3 3
4 4 6 6
4 6 6 0

10 10
6
3 3 3 0
3 4 0 0
3 6 0 4
3 7 3 3
4 4 6 6
4 6 6 0

10 10
6
3 3 7 0
3 4 4 0
3 6 0 4
3 7 7 3
4 4 0 0
4 6 3 4

10 10
6
3 3 7 0
3 4 0 6
3 6 0 0
3 7 7 3
4 4 3 0
4 6 3 4

10 10
6
3 3 7 0
3 4 0 0
3 6 0 4
3 7 7 3
4 4 3 0
4 6 3 4

10 10
6
3 3 7 7
3 4 0 6
3 6 0 0
3 7 7 0
4 4 3 0
4 6 3 4

10 10
6
3 3 7 7
3 4 0 0
3 6 0 4
3 7 7 0
4 4 3 0
4 6 3 4

10 10
6
3 3 0 0
3 4 7 0
3 6 3 4
3 7 0 3
4 4 3 0
4 6 6 4

10 10
6
3 3 0 7
3 4 7 0
3 6 3 4
3 7 0 0
4 4 3 0
4 6 6 4

10 10
6
3 3 3 4
3 4 7 0
6 3 0 7
3 7 0 0
4 4 3 0
4 6 6 4

10 10
6
3 3 0 7
3 4 3 6
3 6 7 0
3 7 0 0
4 4 6 6
4 6 3 0

10 10
6
3 3 0 0
3 4 3 6
3 6 7 0
3 7 0 3
4 4 6 6
4 6 3 0

10 10
6
3 3 0 7
3 4 3 6
3 6 3 0
3 7 0 0
4 4 6 0
4 6 6 4

10 10
6
3 3 0 0
3 4 3 6
3 6 3 0
3 7 0 3
4 4 6 0
4 6 6 4

10 10
6
3 3 3 0
3 4 3 3
6 3 0 7
3 7 0 0
4 4 6 0
4 6 6 4

10 10
6
3 3 0 0
3 4 0 3
6 3 0 7
3 7 3 0
4 4 6 0
4 6 6 4

10 10
6
3 3 7 0
3 4 0 6
3 6 4 0
3 7 7 3
4 4 3 6
4 6 0 0

10 10
6
3 3 7 7
3 4 0 6
3 6 4 0
3 7 7 0
4 4 3 6
4 6 0 0

10 10
6
3 3 7 0
3 4 4 0
3 6 4 4
3 7 7 3
4 4 0 6
4 6 0 0

10 10
6
3 3 7 0
3 4 4 6
3 6 4 0
3 7 7 3
4 4 0 6
4 6 0 0

10 10
6
3 3 7 7
3 4 4 0
3 6 4 4
3 7 7 0
4 4 0 6
4 6 0 0

10 10
6
3 3 7 7
3 4 4 6
3 6 4 0
3 7 7 0
4 4 0 6
4 6 0 0

10 10
6
3 3 0 0
3 4 0 3
6 3 0 7
3 7 3 0
4 4 6 6
4 6 6 0

10 10
6
3 3 3 0
3 4 3 3
6 3 0 7
3 7 0 0
4 4 6 6
4 6 6 0

0.017
