12 12
8
3 3 9 0
3 4 6 0
3 5 3 0
3 6 0 0
3 7 3 5
3 8 6 4
3 9 9 3
3 6 0 6

12 12
8
3 3 9 9
3 4 3 0
3 5 0 7
3 6 9 3
3 7 0 0
3 8 3 4
3 9 6 3
6 3 6 0

12 12
8
3 3 9 9
3 4 3 8
3 5 0 7
3 6 9 3
3 7 0 0
3 8 3 0
3 9 6 3
6 3 6 0

12 12
8
3 3 9 9
3 4 3 8
3 5 0 0
3 6 9 3
3 7 0 5
3 8 3 0
3 9 6 3
6 3 6 0

12 12
8
3 3 0 3
3 4 9 0
3 5 6 7
3 6 0 6
3 7 6 0
3 8 9 4
3 9 3 3
6 3 0 0

12 12
8
3 3 0 3
3 4 9 8
3 5 6 7
3 6 0 6
3 7 6 0
3 8 9 0
3 9 3 3
6 3 0 0

12 12
8
3 3 3 9
3 4 6 8
3 5 9 7
3 6 0 0
3 7 9 0
3 8 6 0
3 9 3 0
3 6 0 6

12 12
8
3 3 3 9
3 4 6 8
3 5 9 0
3 6 0 0
3 7 9 5
3 8 6 0
3 9 3 0
3 6 0 6

12 12
8
3 3 3 9
3 4 6 8
3 5 9 0
3 6 3 3
3 7 9 5
3 8 6 0
3 9 0 3
6 3 0 0

12 12
8
3 3 0 0
3 4 6 8
3 5 9 0
3 6 3 0
3 7 9 5
3 8 6 0
3 9 0 3
3 6 3 6

12 12
8
3 3 0 0
3 4 6 0
3 5 9 0
3 6 3 0
3 7 9 5
3 8 6 4
3 9 0 3
3 6 3 6

12 12
8
3 3 0 9
3 4 6 8
3 5 9 0
3 6 3 0
3 7 9 5
3 8 6 0
3 9 0 0
3 6 3 6

12 12
8
3 3 0 9
3 4 6 0
3 5 9 0
3 6 3 0
3 7 9 5
3 8 6 4
3 9 0 0
3 6 3 6

12 12
8
3 3 3 3
3 4 6 8
3 5 9 0
3 6 3 6
3 7 9 5
3 8 6 0
3 9 0 3
6 3 0 0

12 12
8
3 3 6 3
3 4 9 0
3 5 0 0
3 6 6 6
3 7 0 5
3 8 9 4
3 9 3 3
6 3 3 0

12 12
8
3 3 6 9
3 4 9 0
3 5 0 0
3 6 6 3
3 7 0 5
3 8 9 4
3 9 3 3
6 3 3 0

12 12
8
3 3 3 9
3 4 9 0
3 5 0 0
3 6 3 3
3 7 0 5
3 8 9 4
3 9 6 3
6 3 3 0

12 12
8
3 3 3 9
3 4 9 8
3 5 0 0
3 6 3 3
3 7 0 5
3 8 9 0
3 9 6 3
6 3 3 0

12 12
8
3 3 6 0
3 4 9 8
3 5 0 7
3 6 3 0
3 7 0 0
3 8 9 0
3 9 6 3
3 6 3 6

12 12
8
3 3 9 6
3 4 3 0
3 5 0 0
3 6 9 0
3 7 0 5
3 8 3 4
3 9 6 0
6 3 6 9

12 12
8
3 3 9 6
3 4 3 0
3 5 0 7
3 6 9 0
3 7 0 0
3 8 3 4
3 9 6 0
6 3 6 9

12 12
8
3 3 6 9
3 4 9 8
3 5 3 0
3 6 0 0
3 7 3 5
3 8 9 0
3 9 6 0
3 6 0 6

12 12
8
3 3 6 9
3 4 9 8
3 5 0 0
3 6 3 0
3 7 0 5
3 8 9 0
3 9 6 0
3 6 3 6

12 12
8
3 3 6 9
3 4 9 0
3 5 0 0
3 6 3 0
3 7 0 5
3 8 9 4
3 9 6 0
3 6 3 6

12 12
8
3 3 3 6
3 4 9 0
3 5 0 0
3 6 3 0
3 7 0 5
3 8 9 4
3 9 6 0
6 3 3 9

12 12
8
3 3 3 0
3 4 9 0
3 5 0 0
3 6 3 3
3 7 0 5
3 8 9 4
3 9 6 0
6 3 3 9

12 12
8
3 3 6 9
3 4 3 0
3 5 9 7
3 6 0 0
3 7 9 0
3 8 3 4
3 9 6 0
3 6 0 6

12 12
8
3 3 0 0
3 4 9 0
3 5 6 7
3 6 0 3
3 7 6 0
3 8 9 4
3 9 3 0
6 3 0 9

12 12
8
3 3 0 6
3 4 9 0
3 5 6 7
3 6 0 0
3 7 6 0
3 8 9 4
3 9 3 0
6 3 0 9

12 12
8
3 3 0 6
3 4 9 8
3 5 6 7
3 6 0 0
3 7 6 0
3 8 9 0
3 9 3 0
6 3 0 9

12 12
8
3 3 0 0
3 4 9 8
3 5 6 7
3 6 0 3
3 7 6 0
3 8 9 0
3 9 3 0
6 3 0 9

12 12
8
3 3 0 9
3 4 9 8
3 5 6 7
3 6 0 3
3 7 6 0
3 8 9 0
3 9 3 3
6 3 0 0

12 12
8
3 3 3 9
3 4 9 8
3 5 6 7
3 6 0 0
3 7 6 0
3 8 9 0
3 9 3 0
3 6 0 6

12 12
8
3 3 0 0
3 4 9 8
3 5 6 7
6 3 0 9
3 7 6 0
3 8 9 0
3 9 3 0
3 6 0 3

12 12
8
3 3 3 3
3 4 9 8
3 5 6 7
3 6 3 6
3 7 6 0
3 8 9 0
3 9 0 3
6 3 0 0

12 12
8
3 3 3 3
3 4 9 0
3 5 6 7
3 6 3 6
3 7 6 0
3 8 9 4
3 9 0 3
6 3 0 0

12 12
8
3 3 6 0
3 4 3 8
3 5 0 7
3 6 6 3
3 7 0 0
3 8 3 0
3 9 9 0
6 3 6 9

12 12
8
3 3 6 6
3 4 3 8
3 5 0 7
3 6 6 0
3 7 0 0
3 8 3 0
3 9 9 0
6 3 6 9

12 12
8
3 3 6 3
3 4 3 0
3 5 0 7
3 6 6 6
3 7 0 0
3 8 3 4
3 9 9 3
6 3 6 0

12 12
8
3 3 6 0
3 4 9 0
3 5 0 7
6 3 3 9
3 7 0 0
3 8 9 4
3 9 3 0
3 6 6 3

12 12
8
3 3 9 9
3 4 3 0
3 5 6 7
3 6 0 0
3 7 6 0
3 8 3 4
3 9 9 0
3 6 0 6

12 12
8
3 3 9 9
3 4 3 0
3 5 6 0
3 6 0 0
3 7 6 5
3 8 3 4
3 9 9 0
3 6 0 6

12 12
8
3 3 9 0
3 4 3 0
3 5 6 0
3 6 0 0
3 7 6 5
3 8 3 4
3 9 9 3
3 6 0 6

12 12
8
3 3 3 0
3 4 9 8
3 5 6 0
6 3 0 9
3 7 6 5
3 8 9 0
3 9 0 0
3 6 3 3

12 12
8
3 3 3 0
3 4 9 0
3 5 6 0
6 3 0 9
3 7 6 5
3 8 9 4
3 9 0 0
3 6 3 3

12 12
8
3 3 6 0
3 4 9 0
3 5 3 7
3 6 0 0
3 7 3 0
3 8 9 4
3 9 6 3
3 6 0 6

12 12
8
3 3 0 0
3 4 9 0
3 5 6 7
6 3 0 9
3 7 6 0
3 8 9 4
3 9 3 0
3 6 0 3

12 12
8
3 3 6 9
3 4 9 0
3 5 0 7
3 6 6 3
3 7 0 0
3 8 9 4
3 9 3 3
6 3 3 0

12 12
8
3 3 6 0
3 4 9 0
3 5 0 7
3 6 6 3
3 7 0 0
3 8 9 4
3 9 3 0
6 3 3 9

12 12
8
3 3 6 6
3 4 9 0
3 5 0 7
3 6 6 0
3 7 0 0
3 8 9 4
3 9 3 0
6 3 3 9

12 12
8
3 3 6 9
3 4 9 0
3 5 3 7
3 6 0 0
3 7 3 0
3 8 9 4
3 9 6 0
3 6 0 6

12 12
8
3 3 6 9
3 4 9 8
3 5 3 7
3 6 0 0
3 7 3 0
3 8 9 0
3 9 6 0
3 6 0 6

12 12
8
3 3 9 9
3 4 6 0
3 5 3 7
3 6 0 0
3 7 3 0
3 8 6 4
3 9 9 0
3 6 0 6

12 12
8
3 3 9 0
3 4 6 0
3 5 3 7
3 6 0 0
3 7 3 0
3 8 6 4
3 9 9 3
3 6 0 6

12 12
8
3 3 9 9
3 4 6 0
3 5 3 0
3 6 0 0
3 7 3 5
3 8 6 4
3 9 9 0
3 6 0 6

12 12
8
3 3 9 0
3 4 6 8
3 5 3 0
3 6 0 0
3 7 3 5
3 8 6 0
3 9 9 3
3 6 0 6

12 12
8
3 3 9 9
3 4 6 8
3 5 3 0
3 6 0 0
3 7 3 5
3 8 6 0
3 9 9 0
3 6 0 6

12 12
8
3 3 9 0
3 4 3 0
3 5 6 7
3 6 0 0
3 7 6 0
3 8 3 4
3 9 9 3
3 6 0 6

12 12
8
3 3 6 0
3 4 3 0
3 5 9 7
3 6 0 0
3 7 9 0
3 8 3 4
3 9 6 3
3 6 0 6

12 12
8
3 3 6 9
3 4 3 0
3 5 9 0
3 6 0 0
3 7 9 5
3 8 3 4
3 9 6 0
3 6 0 6

12 12
8
3 3 6 9
3 4 3 8
3 5 9 0
3 6 0 0
3 7 9 5
3 8 3 0
3 9 6 0
3 6 0 6

12 12
8
3 3 9 0
3 4 0 0
3 5 6 7
3 6 3 0
3 7 6 0
3 8 0 4
3 9 9 3
3 6 3 6

12 12
8
3 3 9 0
3 4 0 8
3 5 6 7
3 6 3 0
3 7 6 0
3 8 0 0
3 9 9 3
3 6 3 6

12 12
8
3 3 9 9
3 4 0 8
3 5 6 7
3 6 3 0
3 7 6 0
3 8 0 0
3 9 9 0
3 6 3 6

12 12
8
3 3 0 9
3 4 9 0
3 5 6 7
3 6 3 0
3 7 6 0
3 8 9 4
3 9 0 0
3 6 3 6

12 12
8
3 3 9 0
3 4 3 8
3 5 6 0
3 6 0 0
3 7 6 5
3 8 3 0
3 9 9 3
3 6 0 6

12 12
8
3 3 9 9
3 4 3 8
3 5 6 0
3 6 0 0
3 7 6 5
3 8 3 0
3 9 9 0
3 6 0 6

12 12
8
3 3 6 6
3 4 0 0
3 5 3 7
3 6 6 0
3 7 3 0
3 8 0 4
3 9 9 0
6 3 6 9

12 12
8
3 3 6 0
3 4 3 8
3 5 9 0
3 6 0 0
3 7 9 5
3 8 3 0
3 9 6 3
3 6 0 6

12 12
8
3 3 0 9
3 4 3 8
3 5 9 0
3 6 6 0
3 7 9 5
3 8 3 0
3 9 0 0
3 6 6 6

12 12
8
3 3 6 0
3 4 0 8
3 5 3 7
3 6 6 3
3 7 3 0
3 8 0 0
3 9 9 0
6 3 6 9

12 12
8
3 3 6 0
3 4 0 0
3 5 3 7
3 6 6 3
3 7 3 0
3 8 0 4
3 9 9 0
6 3 6 9

12 12
8
3 3 9 9
3 4 6 0
3 5 0 7
3 6 3 0
3 7 0 0
3 8 6 4
3 9 9 0
3 6 3 6

12 12
8
3 3 9 9
3 4 6 8
3 5 0 7
3 6 3 0
3 7 0 0
3 8 6 0
3 9 9 0
3 6 3 6

12 12
8
3 3 9 0
3 4 6 8
3 5 0 7
3 6 3 0
3 7 0 0
3 8 6 0
3 9 9 3
3 6 3 6

12 12
8
3 3 9 0
3 4 6 0
3 5 0 7
3 6 3 0
3 7 0 0
3 8 6 4
3 9 9 3
3 6 3 6

12 12
8
3 3 6 6
3 4 3 0
3 5 0 0
3 6 6 0
3 7 0 5
3 8 3 4
3 9 9 0
6 3 6 9

12 12
8
3 3 6 6
3 4 3 0
3 5 0 7
3 6 6 0
3 7 0 0
3 8 3 4
3 9 9 0
6 3 6 9

12 12
8
3 3 6 0
3 4 3 0
3 5 0 7
3 6 6 3
3 7 0 0
3 8 3 4
3 9 9 0
6 3 6 9

12 12
8
3 3 6 9
3 4 3 0
3 5 0 7
3 6 6 3
3 7 0 0
3 8 3 4
3 9 9 3
6 3 6 0

12 12
8
3 3 0 9
3 4 3 0
3 5 9 0
3 6 6 0
3 7 9 5
3 8 3 4
3 9 0 0
3 6 6 6

12 12
8
3 3 0 0
3 4 3 0
3 5 9 0
3 6 6 0
3 7 9 5
3 8 3 4
3 9 0 3
3 6 6 6

12 12
8
3 3 0 0
3 4 3 8
3 5 9 0
3 6 6 0
3 7 9 5
3 8 3 0
3 9 0 3
3 6 6 6

12 12
8
3 3 9 0
3 4 3 8
3 5 0 7
3 6 6 0
3 7 0 0
3 8 3 0
3 9 9 3
3 6 6 6

12 12
8
3 3 3 3
3 4 9 0
3 5 0 0
3 6 3 6
3 7 0 5
3 8 9 4
3 9 6 3
6 3 3 0

12 12
8
3 3 3 0
3 4 9 0
3 5 0 0
6 3 3 9
3 7 0 5
3 8 9 4
3 9 6 0
3 6 3 3

12 12
8
3 3 6 0
3 4 9 0
3 5 3 0
3 6 0 0
3 7 3 5
3 8 9 4
3 9 6 3
3 6 0 6

12 12
8
3 3 6 0
3 4 9 8
3 5 3 0
3 6 0 0
3 7 3 5
3 8 9 0
3 9 6 3
3 6 0 6

12 12
8
3 3 6 9
3 4 9 0
3 5 3 0
3 6 0 0
3 7 3 5
3 8 9 4
3 9 6 0
3 6 0 6

12 12
8
3 3 6 0
3 4 9 8
3 5 3 7
3 6 0 0
3 7 3 0
3 8 9 0
3 9 6 3
3 6 0 6

12 12
8
3 3 6 9
3 4 9 0
3 5 0 7
3 6 3 0
3 7 0 0
3 8 9 4
3 9 6 0
3 6 3 6

12 12
8
3 3 0 0
3 4 6 0
3 5 9 0
6 3 0 9
3 7 9 5
3 8 6 4
3 9 3 0
3 6 0 3

12 12
8
3 3 0 0
3 4 6 0
3 5 9 7
6 3 0 9
3 7 9 0
3 8 6 4
3 9 3 0
3 6 0 3

12 12
8
3 3 0 0
3 4 6 0
3 5 9 7
3 6 0 3
3 7 9 0
3 8 6 4
3 9 3 0
6 3 0 9

12 12
8
3 3 0 0
3 4 6 0
3 5 9 0
3 6 0 3
3 7 9 5
3 8 6 4
3 9 3 0
6 3 0 9

12 12
8
3 3 3 6
3 4 9 0
3 5 0 7
3 6 3 0
3 7 0 0
3 8 9 4
3 9 6 0
6 3 3 9

12 12
8
3 3 6 0
3 4 9 0
3 5 0 7
3 6 3 0
3 7 0 0
3 8 9 4
3 9 6 3
3 6 3 6

12 12
8
3 3 3 9
3 4 9 0
3 5 0 7
3 6 3 3
3 7 0 0
3 8 9 4
3 9 6 3
6 3 3 0

12 12
8
3 3 3 6
3 4 9 8
3 5 0 0
3 6 3 0
3 7 0 5
3 8 9 0
3 9 6 0
6 3 3 9

12 12
8
3 3 3 0
3 4 6 8
3 5 9 0
3 6 0 0
3 7 9 5
3 8 6 0
3 9 3 3
3 6 0 6

12 12
8
3 3 3 0
3 4 6 0
3 5 9 0
3 6 0 0
3 7 9 5
3 8 6 4
3 9 3 3
3 6 0 6

12 12
8
3 3 3 0
3 4 6 8
3 5 9 7
3 6 0 0
3 7 9 0
3 8 6 0
3 9 3 3
3 6 0 6

12 12
8
3 3 3 0
3 4 6 0
3 5 9 7
3 6 0 0
3 7 9 0
3 8 6 4
3 9 3 3
3 6 0 6

12 12
8
3 3 3 0
3 4 6 0
3 5 9 0
6 3 0 9
3 7 9 5
3 8 6 4
3 9 0 0
3 6 3 3

12 12
8
3 3 9 6
3 4 3 8
3 5 0 0
3 6 9 0
3 7 0 5
3 8 3 0
3 9 6 0
6 3 6 9

12 12
8
3 3 9 6
3 4 3 8
3 5 0 7
3 6 9 0
3 7 0 0
3 8 3 0
3 9 6 0
6 3 6 9

12 12
8
3 3 3 9
3 4 6 0
3 5 9 0
3 6 0 0
3 7 9 5
3 8 6 4
3 9 3 0
3 6 0 6

12 12
8
3 3 6 0
3 4 9 0
3 5 0 0
3 6 3 0
3 7 0 5
3 8 9 4
3 9 6 3
3 6 3 6

12 12
8
3 3 6 0
3 4 9 8
3 5 0 0
3 6 3 0
3 7 0 5
3 8 9 0
3 9 6 3
3 6 3 6

12 12
8
3 3 6 0
3 4 0 0
3 5 3 0
3 6 6 3
3 7 3 5
3 8 0 4
3 9 9 0
6 3 6 9

12 12
8
3 3 6 0
3 4 0 8
3 5 3 0
3 6 6 3
3 7 3 5
3 8 0 0
3 9 9 0
6 3 6 9

12 12
8
3 3 3 9
3 4 9 0
3 5 0 7
3 6 6 0
3 7 0 0
3 8 9 4
3 9 3 0
3 6 6 6

12 12
8
3 3 3 0
3 4 9 0
3 5 0 7
3 6 6 0
3 7 0 0
3 8 9 4
3 9 3 3
3 6 6 6

12 12
8
3 3 9 0
3 4 0 0
3 5 3 7
3 6 6 0
3 7 3 0
3 8 0 4
3 9 9 3
3 6 6 6

12 12
8
3 3 0 0
3 4 6 8
3 5 9 0
3 6 0 3
3 7 9 5
3 8 6 0
3 9 3 0
6 3 0 9

12 12
8
3 3 0 0
3 4 6 8
3 5 9 7
3 6 0 3
3 7 9 0
3 8 6 0
3 9 3 0
6 3 0 9

12 12
8
3 3 6 0
3 4 3 0
3 5 9 0
3 6 0 0
3 7 9 5
3 8 3 4
3 9 6 3
3 6 0 6

12 12
8
3 3 6 0
3 4 3 0
3 5 0 0
3 6 6 3
3 7 0 5
3 8 3 4
3 9 9 0
6 3 6 9

12 12
8
3 3 3 9
3 4 9 0
3 5 0 0
3 6 6 0
3 7 0 5
3 8 9 4
3 9 3 0
3 6 6 6

12 12
8
3 3 3 0
3 4 9 0
3 5 0 0
3 6 6 0
3 7 0 5
3 8 9 4
3 9 3 3
3 6 6 6

12 12
8
3 3 3 0
3 4 9 8
3 5 0 0
3 6 6 0
3 7 0 5
3 8 9 0
3 9 3 3
3 6 6 6

12 12
8
3 3 3 0
3 4 9 8
3 5 0 7
3 6 6 0
3 7 0 0
3 8 9 0
3 9 3 3
3 6 6 6

12 12
8
3 3 3 0
3 4 9 8
3 5 6 0
3 6 0 0
3 7 6 5
3 8 9 0
3 9 3 3
3 6 0 6

12 12
8
3 3 3 0
3 4 9 0
3 5 6 0
3 6 0 0
3 7 6 5
3 8 9 4
3 9 3 3
3 6 0 6

12 12
8
3 3 3 0
3 4 9 0
3 5 6 7
3 6 0 0
3 7 6 0
3 8 9 4
3 9 3 3
3 6 0 6

12 12
8
3 3 0 9
3 4 9 0
3 5 6 7
3 6 0 3
3 7 6 0
3 8 9 4
3 9 3 3
6 3 0 0

12 12
8
3 3 3 0
3 4 9 8
3 5 6 7
3 6 0 0
3 7 6 0
3 8 9 0
3 9 3 3
3 6 0 6

12 12
8
3 3 3 9
3 4 9 0
3 5 6 7
3 6 0 0
3 7 6 0
3 8 9 4
3 9 3 0
3 6 0 6

12 12
8
3 3 6 0
3 4 9 0
3 5 0 0
3 6 6 3
3 7 0 5
3 8 9 4
3 9 3 0
6 3 3 9

12 12
8
3 3 9 9
3 4 3 0
3 5 0 7
3 6 6 0
3 7 0 0
3 8 3 4
3 9 9 0
3 6 6 6

12 12
8
3 3 9 9
3 4 3 8
3 5 0 7
3 6 6 0
3 7 0 0
3 8 3 0
3 9 9 0
3 6 6 6

12 12
8
3 3 0 9
3 4 9 0
3 5 3 0
3 6 6 0
3 7 3 5
3 8 9 4
3 9 0 0
3 6 6 6

12 12
8
3 3 9 0
3 4 0 0
3 5 3 0
3 6 6 0
3 7 3 5
3 8 0 4
3 9 9 3
3 6 6 6

12 12
8
3 3 9 0
3 4 0 8
3 5 3 0
3 6 6 0
3 7 3 5
3 8 0 0
3 9 9 3
3 6 6 6

12 12
8
3 3 9 9
3 4 0 8
3 5 3 0
3 6 6 0
3 7 3 5
3 8 0 0
3 9 9 0
3 6 6 6

12 12
8
3 3 6 6
3 4 0 0
3 5 3 0
3 6 6 0
3 7 3 5
3 8 0 4
3 9 9 0
6 3 6 9

12 12
8
3 3 6 6
3 4 0 8
3 5 3 0
3 6 6 0
3 7 3 5
3 8 0 0
3 9 9 0
6 3 6 9

12 12
8
3 3 3 9
3 4 9 8
3 5 6 7
3 6 3 3
3 7 6 0
3 8 9 0
3 9 0 3
6 3 0 0

12 12
8
3 3 9 0
3 4 0 8
3 5 3 7
3 6 6 0
3 7 3 0
3 8 0 0
3 9 9 3
3 6 6 6

12 12
8
3 3 9 9
3 4 0 8
3 5 3 7
3 6 6 0
3 7 3 0
3 8 0 0
3 9 9 0
3 6 6 6

12 12
8
3 3 0 9
3 4 9 0
3 5 3 7
3 6 6 0
3 7 3 0
3 8 9 4
3 9 0 0
3 6 6 6

12 12
8
3 3 6 9
3 4 3 8
3 5 9 7
3 6 0 0
3 7 9 0
3 8 3 0
3 9 6 0
3 6 0 6

12 12
8
3 3 6 0
3 4 3 8
3 5 9 7
3 6 0 0
3 7 9 0
3 8 3 0
3 9 6 3
3 6 0 6

12 12
8
3 3 3 0
3 4 6 8
3 5 9 7
6 3 0 9
3 7 9 0
3 8 6 0
3 9 0 0
3 6 3 3

12 12
8
3 3 3 9
3 4 9 0
3 5 6 7
3 6 3 3
3 7 6 0
3 8 9 4
3 9 0 3
6 3 0 0

12 12
8
3 3 9 0
3 4 6 8
3 5 3 7
3 6 0 0
3 7 3 0
3 8 6 0
3 9 9 3
3 6 0 6

12 12
8
3 3 3 9
3 4 6 0
3 5 9 7
3 6 0 0
3 7 9 0
3 8 6 4
3 9 3 0
3 6 0 6

12 12
8
3 3 0 0
3 4 6 8
3 5 9 7
6 3 0 9
3 7 9 0
3 8 6 0
3 9 3 0
3 6 0 3

12 12
8
3 3 0 0
3 4 6 8
3 5 9 0
6 3 0 9
3 7 9 5
3 8 6 0
3 9 3 0
3 6 0 3

12 12
8
3 3 3 0
3 4 6 8
3 5 9 0
6 3 0 9
3 7 9 5
3 8 6 0
3 9 0 0
3 6 3 3

12 12
8
3 3 3 0
3 4 9 8
3 5 6 7
6 3 0 9
3 7 6 0
3 8 9 0
3 9 0 0
3 6 3 3

12 12
8
3 3 3 0
3 4 9 0
3 5 6 7
6 3 0 9
3 7 6 0
3 8 9 4
3 9 0 0
3 6 3 3

12 12
8
3 3 9 9
3 4 6 8
3 5 3 7
3 6 0 0
3 7 3 0
3 8 6 0
3 9 9 0
3 6 0 6

12 12
8
3 3 9 0
3 4 3 8
3 5 6 7
3 6 0 0
3 7 6 0
3 8 3 0
3 9 9 3
3 6 0 6

12 12
8
3 3 9 9
3 4 3 8
3 5 6 7
3 6 0 0
3 7 6 0
3 8 3 0
3 9 9 0
3 6 0 6

12 12
8
3 3 6 6
3 4 0 8
3 5 3 7
3 6 6 0
3 7 3 0
3 8 0 0
3 9 9 0
6 3 6 9

12 12
8
3 3 3 9
3 4 9 8
3 5 0 0
3 6 6 0
3 7 0 5
3 8 9 0
3 9 3 0
3 6 6 6

12 12
8
3 3 6 0
3 4 9 0
3 5 0 0
6 3 3 9
3 7 0 5
3 8 9 4
3 9 3 0
3 6 6 3

12 12
8
3 3 6 6
3 4 9 0
3 5 0 0
3 6 6 0
3 7 0 5
3 8 9 4
3 9 3 0
6 3 3 9

12 12
8
3 3 6 6
3 4 9 8
3 5 0 0
3 6 6 0
3 7 0 5
3 8 9 0
3 9 3 0
6 3 3 9

12 12
8
3 3 9 0
3 4 3 0
3 5 0 7
3 6 6 0
3 7 0 0
3 8 3 4
3 9 9 3
3 6 6 6

12 12
8
3 3 9 0
3 4 0 0
3 5 6 0
3 6 3 0
3 7 6 5
3 8 0 4
3 9 9 3
3 6 3 6

12 12
8
3 3 9 0
3 4 0 8
3 5 6 0
3 6 3 0
3 7 6 5
3 8 0 0
3 9 9 3
3 6 3 6

12 12
8
3 3 9 9
3 4 0 8
3 5 6 0
3 6 3 0
3 7 6 5
3 8 0 0
3 9 9 0
3 6 3 6

0.422
