11 11
7
3 3 8 8
3 4 3 4
5 3 3 8
3 6 0 0
3 5 0 6
5 4 6 4
8 4 3 0

11 11
7
3 3 0 8
3 4 5 0
3 5 8 6
3 6 8 0
5 3 3 8
5 4 0 0
8 4 0 4

11 11
7
3 3 5 4
3 4 5 0
3 5 8 0
3 6 8 5
5 3 0 0
5 4 0 3
8 4 0 7

11 11
7
3 3 5 0
3 4 5 3
3 5 8 0
3 6 8 5
5 3 0 0
5 4 0 3
8 4 0 7

11 11
7
3 3 5 0
3 4 5 3
3 5 8 0
3 6 8 5
5 3 0 4
5 4 0 0
8 4 0 7

11 11
7
3 3 5 4
3 4 5 0
3 5 8 0
3 6 8 5
5 3 0 4
5 4 0 0
8 4 0 7

11 11
7
3 3 5 0
3 4 5 3
3 5 8 6
3 6 8 0
5 3 0 4
5 4 0 0
8 4 0 7

11 11
7
3 3 5 0
3 4 5 3
3 5 8 6
3 6 8 0
5 3 0 0
5 4 0 3
8 4 0 7

11 11
7
3 3 8 8
3 4 8 0
5 3 3 8
3 6 0 0
3 5 0 6
5 4 3 0
8 4 3 4

11 11
7
3 3 8 8
3 4 3 0
5 3 3 8
3 6 0 0
3 5 0 6
5 4 6 0
8 4 3 4

11 11
7
3 3 8 4
3 4 3 0
5 3 3 4
3 6 0 0
3 5 0 6
5 4 6 0
8 4 3 7

11 11
7
3 3 8 4
3 4 8 0
5 3 3 4
3 6 0 0
3 5 0 6
5 4 3 0
8 4 3 7

11 11
7
3 3 8 0
3 4 8 3
5 3 3 4
3 6 0 0
3 5 0 6
5 4 3 0
8 4 3 7

11 11
7
3 3 5 8
3 4 5 0
3 5 8 0
3 6 8 5
5 3 0 8
5 4 0 0
8 4 0 4

11 11
7
3 3 0 8
3 4 5 0
3 5 8 0
3 6 8 5
5 3 3 8
5 4 0 0
8 4 0 4

11 11
7
3 3 8 5
3 4 5 0
3 5 8 0
6 3 0 8
5 3 6 8
5 4 0 0
8 4 0 4

11 11
7
3 3 8 5
3 4 0 0
3 5 8 0
6 3 0 8
5 3 6 8
5 4 3 0
8 4 0 4

11 11
7
3 3 5 0
4 3 4 8
3 5 8 0
3 6 8 5
5 3 0 0
4 5 4 3
4 8 0 3

11 11
7
3 3 0 4
3 4 0 0
3 5 8 0
3 6 8 5
5 3 3 4
5 4 3 0
8 4 0 7

11 11
7
3 3 0 0
3 4 0 3
3 5 8 0
3 6 8 5
5 3 3 4
5 4 3 0
8 4 0 7

11 11
7
3 3 8 0
3 4 8 3
3 5 0 6
3 6 0 0
5 3 3 4
5 4 3 0
8 4 3 7

11 11
7
3 3 8 0
3 4 8 3
3 5 0 6
3 6 0 0
5 3 3 0
5 4 3 3
8 4 3 7

11 11
7
3 3 8 0
3 4 5 4
3 5 8 3
6 3 0 8
5 3 6 8
5 4 0 4
8 4 0 0

11 11
7
3 3 8 0
3 4 0 4
3 5 8 3
6 3 0 8
5 3 6 8
5 4 3 4
8 4 0 0

11 11
7
3 3 8 0
3 4 0 0
3 5 8 3
6 3 0 8
5 3 6 8
5 4 3 0
8 4 0 4

11 11
7
3 3 8 0
3 4 5 0
3 5 8 3
6 3 0 8
5 3 6 8
5 4 0 0
8 4 0 4

11 11
7
3 3 0 8
3 4 0 0
3 5 8 6
3 6 8 0
5 3 3 8
5 4 3 0
8 4 0 4

11 11
7
3 3 5 8
3 4 0 0
3 5 8 6
3 6 8 0
5 3 0 8
5 4 3 0
8 4 0 4

11 11
7
3 3 5 4
3 4 0 0
3 5 8 6
3 6 8 0
5 3 0 4
5 4 3 0
8 4 0 7

11 11
7
3 3 5 4
3 4 5 0
3 5 8 6
3 6 8 0
5 3 0 4
5 4 0 0
8 4 0 7

11 11
7
3 3 5 8
3 4 0 0
3 5 8 0
3 6 8 5
5 3 0 8
5 4 3 0
8 4 0 4

11 11
7
3 3 0 8
3 4 0 0
3 5 8 0
3 6 8 5
5 3 3 8
5 4 3 0
8 4 0 4

11 11
7
3 3 5 4
3 4 0 0
3 5 8 0
3 6 8 5
5 3 0 4
5 4 3 0
8 4 0 7

11 11
7
3 3 8 4
3 4 3 0
3 5 0 6
3 6 0 0
5 3 3 4
5 4 6 0
8 4 3 7

11 11
7
3 3 3 0
3 4 3 7
3 5 0 6
3 6 0 0
5 3 6 0
5 4 6 7
8 4 3 3

11 11
7
3 3 8 0
3 4 3 7
3 5 0 6
3 6 0 0
5 3 3 0
5 4 6 7
8 4 3 3

11 11
7
3 3 8 0
3 4 3 7
3 5 0 0
3 6 0 5
5 3 3 0
5 4 6 7
8 4 3 3

11 11
7
3 3 3 0
3 4 3 7
3 5 0 0
3 6 0 5
5 3 6 0
5 4 6 7
8 4 3 3

11 11
7
3 3 3 0
3 4 8 7
3 5 0 0
3 6 0 5
5 3 6 0
5 4 3 7
8 4 3 3

11 11
7
3 3 3 0
3 4 8 7
3 5 0 6
3 6 0 0
5 3 6 0
5 4 3 7
8 4 3 3

11 11
7
3 3 8 0
3 4 8 7
3 5 0 6
3 6 0 0
5 3 3 0
5 4 3 7
8 4 3 3

11 11
7
3 3 8 4
3 4 8 7
3 5 0 6
3 6 0 0
5 3 3 4
5 4 3 7
8 4 3 0

11 11
7
3 3 8 8
3 4 8 4
5 3 3 4
3 6 0 0
3 5 0 6
5 4 3 7
8 4 3 0

11 11
7
3 3 8 4
3 4 8 7
5 3 3 4
3 6 0 0
3 5 0 6
5 4 3 7
8 4 3 0

11 11
7
3 3 8 4
3 4 8 7
5 3 3 8
3 6 0 0
3 5 0 6
5 4 3 4
8 4 3 0

11 11
7
3 3 8 8
3 4 8 4
5 3 3 8
3 6 0 0
3 5 0 6
5 4 3 4
8 4 3 0

11 11
7
3 3 5 8
3 4 5 0
3 5 8 6
3 6 8 0
5 3 0 8
5 4 0 0
8 4 0 4

11 11
7
3 3 5 4
3 4 5 0
3 5 8 6
3 6 8 0
5 3 0 0
5 4 0 3
8 4 0 7

11 11
7
3 3 0 4
3 4 0 0
3 5 8 0
3 6 8 5
5 3 3 0
5 4 3 3
8 4 0 7

11 11
7
3 3 0 4
3 4 5 0
3 5 8 0
3 6 8 5
5 3 3 4
5 4 0 0
8 4 0 7

11 11
7
3 3 0 0
3 4 3 0
3 5 0 3
6 3 0 8
5 3 6 8
5 4 6 0
8 4 3 4

11 11
7
3 3 0 0
3 4 8 0
3 5 0 3
6 3 0 8
5 3 6 8
5 4 3 0
8 4 3 4

11 11
7
3 3 0 0
3 4 8 4
3 5 0 3
6 3 0 8
5 3 6 8
5 4 3 4
8 4 3 0

11 11
7
3 3 8 4
3 4 8 0
3 5 0 6
3 6 0 0
5 3 3 0
5 4 3 3
8 4 3 7

11 11
7
3 3 3 0
3 4 8 3
3 5 0 6
3 6 0 0
5 3 6 0
5 4 3 3
8 4 3 7

11 11
7
3 3 8 0
3 4 3 3
3 5 0 6
3 6 0 0
5 3 3 0
5 4 6 3
8 4 3 7

11 11
7
3 3 8 0
3 4 3 3
3 5 0 0
3 6 0 5
5 3 3 0
5 4 6 3
8 4 3 7

11 11
7
3 3 8 0
3 4 8 7
3 5 0 0
3 6 0 5
5 3 3 0
5 4 3 7
8 4 3 3

11 11
7
3 3 0 0
3 4 3 4
3 5 0 3
6 3 0 8
5 3 6 8
5 4 6 4
8 4 3 0

11 11
7
3 3 0 0
3 4 3 4
3 5 0 3
6 3 0 8
5 3 6 4
5 4 6 7
8 4 3 0

11 11
7
3 3 3 0
3 4 8 3
3 5 0 0
3 6 0 5
5 3 6 0
5 4 3 3
8 4 3 7

1.923
