60 130
73
34 6 0 73
13 3 12 0
13 5 10 125
10 12 0 46
10 12 44 21
6 7 10 116
6 15 54 0
25 7 35 89
25 15 6 83
21 12 16 112
16 7 44 96
16 5 12 19
21 3 33 9
21 5 39 125
5 7 28 8
5 5 23 125
4 1 34 79
4 10 56 113
6 13 28 51
12 13 45 70
12 9 48 103
23 6 10 64
7 3 39 109
7 5 9 24
2 1 36 7
2 10 37 111
6 6 33 124
6 5 39 58
14 7 2 39
14 6 9 3
16 3 38 12
16 5 0 58
14 6 46 83
14 5 2 34
14 13 42 112
3 2 57 123
3 7 57 29
11 2 44 19
11 7 40 63
6 7 28 0
6 6 38 96
33 14 0 98
12 4 4 112
12 3 45 36
16 18 28 15
12 3 23 70
12 18 39 40
4 4 29 126
4 3 56 15
3 1 51 33
3 2 13 123
6 9 0 87
6 9 54 43
6 1 28 39
6 2 42 107
5 7 34 33
5 18 4 15
3 9 57 18
3 9 39 112
9 18 51 52
6 5 3 116
6 2 0 7
2 12 26 30
2 9 31 89
8 3 47 15
8 9 34 80
10 9 0 121
3 5 0 116
3 2 57 81
3 18 25 0
3 7 35 102
2 3 58 78
2 9 55 27